Fz_breakpoints = [2000, 3000, 4000, 5000, 6000]; 

Mu_breakpoints = [0.2, 0.4, 0.6, 0.8, 1.0];

% Table Data: Target Slip Ratio Matrix

Target_Slip_Table = [
    % Mu=0.2   Mu=0.4   Mu=0.6   Mu=0.8   Mu=1.0
    0.035,   0.045,   0.055,   0.065,   0.070; % Fz = 2000 N
    0.033,   0.043,   0.053,   0.062,   0.065; % Fz = 3000 N
    0.031,   0.041,   0.050,   0.058,   0.062; % Fz = 4000 N
    0.030,   0.039,   0.048,   0.055,   0.060; % Fz = 5000 N
    0.030,   0.038,   0.047,   0.054,   0.060  % Fz = 6000 N
];

