#INFOFILE1.1 (UTF-8) - Do not remove this line!
FileIdent = IPGRoad 15.0
FileCreator = CarMaker Office 15.0.1
LibVersion = 15.0.1
Country = DEU
nLinks = 1
nJunctions = 0
nObjects = 53
nRoutes = 1
RoadNetworkLength = 200.000
BBox = -1.854 200.024 -205.314 3.500 -1.000 1.000
Route.0.Length = 200.000
RST.Unit = kmh
RST = 50 100 130 30 70 30 0 -1
Movie = 0.2 1 0.01 1.5 1.5 1 1
Visualization.SamplingParams = 0.2 1 0.01
Visualization.RoadsideWidth = 1.5 1.5
Visualization.RoadsideSlope = 1 1
Visualization.MovieNX.RenderMask = 4095
PathMode = -1
Terrain.Param = 50 25 300 100 0.75 0
Link.0.ID = 0
Link.0.Node0 = 0 0 359.478
Link.0.Node1 = 199.991699720112 -1.8220985321173 359.478
Link.0.RST = Countryroad
Link.0.RL.ID = 1
Link.0.Seg.0.ID = 3
Link.0.Seg.0.Type = Straight
Link.0.Seg.0.Param = 200 0 0 0 0 0 0 0
Link.0.LaneSection.0.ID = 6
Link.0.LaneSection.0.Start = 0
Link.0.LaneSection.0.LaneL.0.ID = 19
Link.0.LaneSection.0.LaneL.0 = 4 0 0 0
Link.0.LaneSection.0.LaneL.0.ARP = 20 21 22 23 24 25
Link.0.LaneSection.0.LaneL.0.Width.ID = 27
Link.0.LaneSection.0.LaneL.0.Width.Param = 0
Link.0.LaneSection.0.LaneL.0.Width.Points:
	28 19 0 0 1 0 -999 -999 0
	29 19 0 1 1 0 -999 -999 0
Link.0.LaneSection.0.LaneL.1.ID = 30
Link.0.LaneSection.0.LaneL.1 = 5 0 0 0
Link.0.LaneSection.0.LaneL.1.Width.ID = 31
Link.0.LaneSection.0.LaneL.1.Width.Param = 0
Link.0.LaneSection.0.LaneL.1.Width.Points:
	32 30 0 0 2.5 0 -999 -999 0
	33 30 0 1 2.5 0 -999 -999 0
Link.0.LaneSection.0.LaneR.0.ID = 34
Link.0.LaneSection.0.LaneR.0 = 0 0 0 0
Link.0.LaneSection.0.LaneR.0.ARP = 35 36 37 38 39 40
Link.0.LaneSection.0.LaneR.0.Width.ID = 42
Link.0.LaneSection.0.LaneR.0.Width.Param = 0
Link.0.LaneSection.0.LaneR.0.Width.Points:
	43 34 0 0 200 0 -999 -999 0
	44 34 0 1 200 0 -999 -999 0
Link.0.LaneSection.0.LaneR.1.ID = 46
Link.0.LaneSection.0.LaneR.1 = 4 0 0 0
Link.0.LaneSection.0.LaneR.1.ARP = 47 48 49 50 51 52
Link.0.LaneSection.0.LaneR.1.Width.ID = 54
Link.0.LaneSection.0.LaneR.1.Width.Param = 0
Link.0.LaneSection.0.LaneR.1.Width.Points:
	55 46 0 0 1 0 -999 -999 0
	56 46 0 1 1 0 -999 -999 0
Link.0.LaneSection.0.LaneR.2.ID = 57
Link.0.LaneSection.0.LaneR.2 = 5 0 0 0
Link.0.LaneSection.0.LaneR.2.Width.ID = 58
Link.0.LaneSection.0.LaneR.2.Width.Param = 0
Link.0.LaneSection.0.LaneR.2.Width.Points:
	59 57 0 0 2.5 0 -999 -999 0
	60 57 0 1 2.5 0 -999 -999 0
LanePath.0 = 26 19 0.25 10 0.1 0.1 -1 -1
LanePath.1 = 41 34 2 10 0.1 0.1 -1 -1
LanePath.2 = 53 46 0.25 10 0.1 0.1 -1 -1
Route.0.ID = 7
Route.0.Name = Route_0
Route.0.DrvPath.ID = 8
Route.0.DrvPath:
	41
RL.1.RoadMarking.0.ID = 45 34
RL.1.RoadMarking.0 = 0 0 0 1 0 -1 0.15 0 1 0 0 2 4 1 1 0
RL.1.RoadMarking.0.Material.0 = 1.0,1.0,1.0 0 0 0 0 0 0 1 1 0 0 0
RL.1.RoadMarking.1.ID = 61 6
RL.1.RoadMarking.1 = 0 0 0 1 0 0 0.15 0 2 0 0 2 4 1 1 0
RL.1.RoadMarking.1.Material.0 = 1.0,1.0,1.0 0 0 0 0 0 0 1 1 0 0 0
MaxUsedObjId = 61
